  0.0000000e+000  2.0077000e+001  2.0077000e+001
  9.1503800e+003  2.0902000e+001  2.0902000e+001
  2.1581090e+004  2.0836000e+001  2.0836000e+001
  2.6164130e+004  2.1166000e+001  2.1166000e+001
  3.3227030e+004  2.0902000e+001  2.0902000e+001
  4.2502980e+004  2.1562000e+001  2.1562000e+001
  5.2312570e+004  2.2552000e+001  2.2552000e+001
  5.4274480e+004  2.2552000e+001  2.2552000e+001
  6.5402480e+004  2.1067000e+001  2.1067000e+001
  7.8476700e+004  2.0242000e+001  2.0242000e+001
  8.5021650e+004  2.0242000e+001  2.0242000e+001
  9.1550910e+004  2.0572000e+001  2.0572000e+001
  9.8095870e+004  2.1067000e+001  2.1067000e+001
  1.0464083e+005  2.0671000e+001  2.0671000e+001
  1.1117009e+005  1.9582000e+001  1.9582000e+001
